649
579
589
508
575
500
542
570
564
545
554
540
577
521
549
608
515
559
544
534
546
536
544
625
551
511
513
535
587
450
480
431
417
566
490
507
459
456
527
546
547
480
454
522
526
519
464
435
454
507
456
465
469
485
547
537
548
527
539
489
502
475
526
504
508
505
528
522
597
516
495
491
474
550
548
488
486
498
523
498
497
497
503
498
522
481
564
500
525
517
512
502
506
533
475
547
533
543
555
581
535
551
556
595
508
557
543
541
569
510
545
551
571
550
561
509
550
511
532
548
500
502
505
451
540
481
453
467
503
512
514
503
457
462
447
485
472
496
475
469
460
470
486
534
534
490
490
476
483
536
498
465
456
483
483
506
518
522
540
473
453
454
456
513
617
590
591
505
561
511
552
505
509
415
468
509
448
524
465
472
556
496
546
489
508
485
471
517
508
514
477
569
480
476
472
454
541
519
438
475
528
527
532
481
527
524
540
473
509
545
548
569
567
562
517
515
523
547
560
519
565
561
514
504
549
566
786
507
510
517
563
571
565
545
522
478
567
544
540
564
527
562
539
503
551
560
572
547
565
528
518
521
536
465
474
467
510
526
492
504
448
545
532
507
485
488
484
445
494
486
520
570
446
446
466
421
417
497
486
514
471
446
516
537
526
470
451
604
489
510
496
464
457
513
509
503
514
497
491
449
426
490
459
451
644
492
509
458
483
438
454
503
434
473
474
459
439
426
454
635
489
467
488
478
442
431
434
447
520
520
456
536
522
549
469
446
469
451
544
497
487
503
507
455
456
457
474
467
455
520
432
420
451
459
485
518
602
519
509
503
504
495
540
536
527
515
504
507
574
517
480
469
496
497
514
513
485
468
479
494
498
487
469
492
482
519
493
486
455
463
495
508
464
437
453
452
547
533
496
511
508
553
490
578
522
501
506
550
525
573
532
524
510
538
534
533
469
499
548
508
510
551
534
538
539
538
507
538
544
536
539
589
515
553
545
550
531
531
495
574
498
553
549
510
557
558
550
508
578
499
495
554
551
538
532
550
550
549
530
464
461
510
499
483
506
465
513
440
551
484
470
483
500
433
550
524
477
490
487
496
497
445
459
553
490
468
535
476
469
440
438
537
520
510
497
476
452
471
615
524
503
492
457
541
468
491
485
453
521
510
471
470
509
537
519
459
514
511
491
463
439
521
581
493
500
462
486
507
521
493
503
600
485
590
513
465
456
531
480
503
497
443
455
568
517
490
481
506
493
474
444
464
585
508
519
486
488
458
463
443
543
530
473
521
482
493
473
540
551
533
485
560
479
558
572
557
492
444
540
557
549
482
504
523
486
542
489
603
530
517
499
460
546
526
519
569
578
521
458
571
526
514
568
533
567
484
524
574
544
514
492
522
485
573
484
496
539
526
528
518
543
539
519
501
533
507
531
541
483
532
538
494
519
549
519
500
519
549
571
564
559
524
539
534
568
548
467
465
609
541
490
521
533
575
518
533
523
532
482
469
465
475
559
492
463
471
500
468
441
447
541
449
473
464
471
488
462
411
497
512
509
487
533
435
445
485
406
489
512
544
529
469
455
460
465
466
482
447
419
493
548
454
509
487
456
488
537
477
486
548
465
476
430
418
454
553
463
505
531
541
521
513
581
495
524
499
516
578
504
521
511
462
555
511
529
497
506
492
512
521
525
517
540
526
508
493
493
542
534
526
500
572
454
515
515
513
480
537
490
481
533
512
535
544
535
525
543
596
542
516
531
572
570
556
555
554
558
517
515
521
508
526
504
502
572
556
593
480
492
420
539
530
469
450
411
424
464
569
486
408
407
471
466
476
452
464
414
512
515
456
455
401
478
503
562
493
561
521
550
488
488
494
486
480
522
539
536
566
476
508
510
517
441
556
516
559
516
524
527
538
527
476
519
532
543
510
502
514
535
533
504
544
544
515
492
550
559
545
509
561
512
531
553
472
511
555
509
497
560
567
570
479
498
534
571
532
525
526
522
545
526
529
511
555
492
567
535
553
517
541
544
562
558
562
542
542
558
556
553
562
543
554
561
537
527
518
519
462
467
514
509
489
488
493
507
448
496
491
472
472
649
569
495
457
471
644
514
497
447
445
421
481
501
424
484
484
511
499
448
448
450
562
493
493
484
475
465
530
537
502
496
495
495
506
515
538
547
540
526
495
483
545
530
536
544
556
534
499
492
525
521
548
515
599
518
476
576
536
538
495
580
496
510
539
473
561
512
545
566
514
549
489
674
557
527
499
524
528
550
518
