382
335
370
404
412
374
318
327
292
407
351
325
403
359
351
316
309
334
346
346
346
308
338
364
388
347
347
339
391
367
330
328
363
372
294
356
370
373
365
360
358
382
389
302
292
387
368
307
309
398
360
364
369
331
297
296
357
377
386
368
344
316
404
364
375
315
318
295
299
291
381
357
305
369
386
368
360
373
370
339
359
363
346
338
305
307
296
318
359
363
361
310
281
404
368
298
364
387
391
323
267
288
373
308
385
298
285
289
316
287
297
288
281
298
307
367
322
311
311
297
301
280
347
335
353
322
462
347
335
348
329
313
333
341
322
332
306
318
343
309
305
281
280
336
332
332
306
323
339
312
308
316
297
230
301
323
298
305
332
332
324
323
280
305
239
266
316
289
374
342
365
296
318
353
346
347
278
368
367
375
360
364
348
355
372
355
375
362
374
351
344
372
356
580
347
379
384
327
376
379
335
362
332
381
364
364
376
351
354
345
355
374
347
367
366
383
340
314
356
364
367
361
322
367
380
368
332
374
380
353
374
346
368
363
353
312
346
325
378
342
377
370
353
347
358
361
380
379
322
297
288
327
356
350
318
315
329
316
334
319
306
274
369
329
351
304
355
354
353
329
335
322
336
317
320
336
308
350
354
350
289
314
250
283
262
263
337
329
324
317
239
320
326
318
315
332
350
362
359
353
358
354
357
354
346
358
350
332
292
554
280
343
336
339
345
332
320
339
333
316
319
340
287
326
320
313
335
321
307
245
334
266
340
320
333
320
318
232
331
330
356
371
308
325
317
304
256
289
290
293
255
246
278
367
284
295
355
368
353
273
356
316
353
372
343
299
335
307
313
328
338
322
313
331
335
322
330
340
319
339
300
279
316
306
302
304
281
261
305
323
333
331
356
367
494
310
306
292
272
365
346
374
335
355
362
388
378
360
370
387
311
296
290
284
363
360
330
328
341
340
373
301
303
353
310
307
305
362
354
364
360
380
385
386
379
386
365
367
372
359
373
363
359
359
323
365
361
374
360
376
376
354
296
304
304
358
351
367
375
369
360
346
325
327
278
306
289
294
367
385
378
352
309
302
349
358
341
323
239
235
274
282
390
398
341
337
342
343
388
398
328
369
397
368
344
378
331
289
301
334
372
364
356
378
368
358
323
355
353
381
385
380
382
351
357
375
383
375
367
359
377
323
383
357
377
362
359
377
358
361
372
369
353
361
349
376
358
363
294
378
365
374
400
370
391
405
332
401
334
383
379
367
388
376
397
382
369
366
363
379
378
379
334
370
384
362
376
354
387
368
378
372
360
330
351
368
359
375
377
339
291
290
378
366
356
380
357
372
372
361
392
303
367
362
370
339
384
354
360
374
361
384
375
382
343
342
369
343
349
351
360
358
352
376
350
366
344
290
373
361
369
375
251
367
368
346
358
315
303
273
338
332
324
323
328
318
332
339
315
314
307
308
350
337
310
269
336
338
349
328
255
239
274
340
317
341
293
282
278
265
277
326
339
322
314
317
265
293
334
346
344
322
218
348
278
357
258
381
338
347
347
349
337
334
344
392
375
382
360
375
367
367
368
361
328
297
288
258
276
265
335
282
296
289
462
325
337
314
290
334
262
411
333
302
472
483
290
313
370
346
295
295
309
338
369
369
387
457
381
384
403
385
367
375
373
386
380
373
389
394
392
377
375
369
353
370
366
359
376
372
352
368
365
358
358
359
357
379
365
354
371
359
381
378
369
361
354
373
354
365
364
378
369
372
333
377
362
360
387
381
354
370
332
370
371
458
374
379
358
355
387
373
361
321
381
358
336
375
398
372
368
379
362
344
354
368
379
380
373
369
382
379
354
380
376
367
304
317
288
290
362
373
357
377
356
375
372
374
359
388
375
381
385
367
358
367
383
365
367
378
360
376
367
367
383
362
364
364
378
368
350
356
381
363
376
391
356
361
376
387
400
354
369
370
347
363
382
361
366
367
377
376
370
308
1740
297
320
296
279
293
335
356
383
358
361
374
370
357
385
372
339
306
364
366
355
280
297
295
351
368
346
355
367
369
365
341
353
375
366
382
354
357
321
378
351
383
373
372
334
293
313
306
377
369
379
354
382
364
378
380
354
356
371
358
354
350
328
357
384
383
361
366
360
361
352
377
369
370
347
371
368
368
375
351
352
374
376
379
372
367
365
354
368
370
383
333
345
371
360
361
359
351
344
345
351
383
371
371
352
359
352
370
374
387
371
375
355
382
366
384
382
351
350
361
367
366
371
373
362
361
